0/[[0, 0], [0, 0, 0, 0], [0, 0, 0, 0, 0, 0], [0, 0, 0, 0, 0, 0, 0, 0], [0, 0, 0, 0, 0, 0], [0, 0, 0, 0], [0, 0]]/-1/[[0, 0], [0, 0, 0, 0], [0, 0, 0, 0, 0, 0], [0, 0, 0, 0, 0, 0, 0, 0], [0, 0, 0, 0, 0, 0], [0, 0, 0, 0], [0, 0]]/[[0, 0], [0, 0, 0, 0], [0, 0, 0, 0, 0, 0], [0, 0, 0, 0, 0, 0, 0, 0], [0, 0, 0, 0, 0, 0], [0, 0, 0, 0], [0, 0]]/[[0, 0], [0, 0, 0, 0], [0, 0, 0, 0, 0, 0], [0, 0, 0, 0, 0, 0, 0, 0], [0, 0, 0, 0, 0, 0], [0, 0, 0, 0], [0, 0]]/[[0, 0], [0, 0, 0, 0], [0, 0, 0, 0, 0, 0], [0, 0, 0, 0, 0, 0, 0, 0], [0, 0, 0, 0, 0, 0], [0, 0, 0, 0], [0, 0]]/
1/[[0, 0], [0, 0, 0, 0], [0, 0, 0, 0, 0, 0], [0, 0, 0, 0, 0, 0, 0, 0], [0, 0, 0, 0, 0, 0], [0, 0, 0, 0], [1, 1]]/-1/[[0, 0], [0, 0, 0, 0], [0, 0, 0, 0, 0, 0], [0, 0, 0, 0, 0, 0, 0, 0], [0, 0, 0, 0, 0, 0], [0, 0, 0, 0], [0, 0]]/[[0, 0], [0, 0, 0, 0], [0, 0, 0, 0, 0, 0], [0, 0, 0, 0, 0, 0, 0, 0], [0, 0, 0, 0, 0, 0], [0, 0, 0, 0], [0, 0]]/[[0, 0], [0, 0, 0, 0], [0, 0, 0, 0, 0, 0], [0, 0, 0, 0, 0, 0, 0, 0], [0, 0, 0, 0, 0, 0], [0, 0, 0, 0], [0, 0]]/[[0, 0], [0, 0, 0, 0], [0, 0, 0, 0, 0, 0], [0, 0, 0, 0, 0, 0, 0, 0], [0, 0, 0, 0, 0, 0], [0, 0, 0, 0], [1, 1]]/
2/[[0, 0], [0, 0, 0, 0], [1, 1, 1, 1, 1, 1], [0, 0, 1, 0, 0, 1, 1, 0], [0, 1, 0, 0, 1, 1], [1, 1, 1, 1], [6, 1]]/-1/[[0, 0], [0, 0, 0, 0], [1, 1, 1, 1, 1, 1], [0, 0, 1, 0, 0, 1, 1, 0], [0, 1, 0, 0, 1, 1], [1, 1, 1, 1], [6, 1]]/[[0, 0], [0, 0, 0, 0], [0, 0, 0, 0, 0, 0], [0, 0, 0, 0, 0, 0, 0, 0], [0, 0, 0, 0, 0, 0], [0, 0, 0, 0], [1, 1]]/[[0, 0], [0, 0, 0, 0], [1, 1, 1, 1, 1, 1], [0, 0, 1, 1, 0, 1, 1, 0], [0, 1, 1, 6, 1, 1], [1, 2, 2, 2], [2, 0]]/[[0, 0], [1, 0, 0, 0], [0, 1, 6, 1, 6, 1], [1, 6, 1, 2, 2, 3, 3, 2], [4, 3, 5, 5, 4, 3], [3, 5, 6, 5], [0, 5]]/
3/[[0, 0], [0, 0, 0, 0], [1, 1, 1, 1, 1, 1], [0, 0, 1, 1, 0, 1, 1, 0], [0, 1, 1, 6, 1, 1], [1, 2, 2, 2], [2, 0]]/-1/[[0, 0], [0, 0, 0, 0], [1, 1, 1, 1, 1, 1], [0, 0, 1, 0, 0, 1, 1, 1], [0, 1, 0, 0, 1, 0], [1, 1, 1, 1], [6, 0]]/[[0, 0], [0, 0, 0, 0], [0, 0, 0, 0, 0, 0], [0, 0, 0, 0, 0, 0, 0, 0], [0, 0, 0, 0, 0, 0], [0, 0, 0, 0], [1, 1]]/[[0, 0], [0, 0, 0, 0], [1, 1, 1, 1, 1, 1], [0, 0, 1, 1, 0, 1, 1, 0], [0, 1, 1, 6, 1, 1], [1, 2, 2, 2], [2, 0]]/[[1, 0], [6, 1, 1, 1], [2, 6, 2, 6, 0, 6], [2, 4, 3, 3, 1, 6, 1, 2], [5, 3, 3, 3, 4, 4], [5, 0, 4, 3], [5, 3]]/
4/[[0, 0], [0, 0, 0, 0], [1, 1, 1, 1, 1, 1], [0, 0, 1, 0, 0, 1, 1, 1], [0, 1, 0, 0, 1, 0], [1, 1, 1, 1], [6, 0]]/-1/[[0, 0], [0, 0, 0, 0], [1, 1, 1, 1, 1, 1], [0, 0, 1, 0, 0, 1, 1, 0], [0, 1, 0, 0, 1, 1], [1, 1, 1, 1], [6, 1]]/[[0, 0], [0, 0, 0, 0], [0, 0, 0, 0, 0, 0], [0, 0, 0, 0, 0, 0, 0, 0], [0, 0, 0, 0, 0, 0], [0, 0, 0, 0], [1, 1]]/[[0, 0], [0, 0, 0, 0], [1, 1, 1, 1, 1, 1], [0, 0, 1, 1, 0, 1, 1, 1], [0, 1, 1, 6, 1, 0], [1, 2, 2, 1], [2, 5]]/[[0, 0], [1, 0, 0, 0], [0, 1, 6, 1, 6, 1], [1, 6, 1, 2, 2, 3, 3, 3], [4, 3, 5, 5, 4, 0], [3, 5, 6, 3], [0, 0]]/
5/[[0, 0], [0, 0, 0, 0], [1, 1, 1, 1, 1, 1], [0, 0, 1, 1, 0, 1, 1, 1], [0, 1, 1, 6, 1, 0], [1, 2, 2, 1], [2, 5]]/-1/[[0, 0], [0, 0, 0, 0], [1, 1, 1, 1, 1, 1], [0, 0, 1, 0, 0, 1, 1, 1], [0, 1, 0, 0, 1, 0], [1, 1, 1, 1], [6, 0]]/[[0, 0], [0, 0, 0, 0], [0, 0, 0, 0, 0, 0], [0, 0, 0, 0, 0, 0, 0, 0], [0, 0, 0, 0, 0, 0], [0, 0, 0, 0], [1, 1]]/[[0, 0], [0, 0, 0, 0], [1, 1, 1, 1, 1, 1], [0, 0, 1, 1, 0, 1, 1, 1], [0, 1, 1, 6, 1, 0], [1, 2, 2, 1], [2, 5]]/[[1, 0], [6, 1, 1, 1], [2, 6, 2, 6, 0, 6], [2, 4, 3, 3, 1, 6, 1, 1], [5, 3, 3, 3, 4, 5], [5, 0, 4, 6], [5, 3]]/
6/[[0, 0], [1, 0, 0, 0], [0, 1, 6, 1, 6, 1], [1, 6, 1, 2, 2, 3, 3, 2], [4, 3, 5, 5, 4, 3], [3, 5, 6, 5], [0, 5]]/[[[0, 0], [0, 0, 0, 0], [1, 1, 1, 1, 1, 1], [0, 0, 1, 0, 0, 1, 1, 0], [0, 1, 0, 0, 1, 1], [1, 1, 1, 1], [6, 1]], [[0, 0], [0, 0, 0, 0], [0, 0, 0, 0, 0, 0], [0, 0, 0, 0, 0, 0, 0, 0], [0, 0, 0, 0, 0, 0], [0, 0, 0, 0], [1, 1]], [[0, 0], [0, 0, 0, 0], [1, 1, 1, 1, 1, 1], [0, 0, 1, 1, 0, 1, 1, 0], [0, 1, 1, 6, 1, 1], [1, 2, 2, 2], [2, 0]]]/*/*/*/*/
7/[[1, 0], [6, 1, 1, 1], [2, 6, 2, 6, 0, 6], [2, 4, 3, 3, 1, 6, 1, 2], [5, 3, 3, 3, 4, 4], [5, 0, 4, 3], [5, 3]]/[[[0, 0], [0, 0, 0, 0], [1, 1, 1, 1, 1, 1], [0, 0, 1, 0, 0, 1, 1, 1], [0, 1, 0, 0, 1, 0], [1, 1, 1, 1], [6, 0]], [[0, 0], [0, 0, 0, 0], [0, 0, 0, 0, 0, 0], [0, 0, 0, 0, 0, 0, 0, 0], [0, 0, 0, 0, 0, 0], [0, 0, 0, 0], [1, 1]], [[0, 0], [0, 0, 0, 0], [1, 1, 1, 1, 1, 1], [0, 0, 1, 1, 0, 1, 1, 0], [0, 1, 1, 6, 1, 1], [1, 2, 2, 2], [2, 0]]]/*/*/*/*/
8/[[0, 0], [1, 0, 0, 0], [0, 1, 6, 1, 6, 1], [1, 6, 1, 2, 2, 3, 3, 3], [4, 3, 5, 5, 4, 0], [3, 5, 6, 3], [0, 0]]/[[[0, 0], [0, 0, 0, 0], [1, 1, 1, 1, 1, 1], [0, 0, 1, 0, 0, 1, 1, 0], [0, 1, 0, 0, 1, 1], [1, 1, 1, 1], [6, 1]], [[0, 0], [0, 0, 0, 0], [0, 0, 0, 0, 0, 0], [0, 0, 0, 0, 0, 0, 0, 0], [0, 0, 0, 0, 0, 0], [0, 0, 0, 0], [1, 1]], [[0, 0], [0, 0, 0, 0], [1, 1, 1, 1, 1, 1], [0, 0, 1, 1, 0, 1, 1, 1], [0, 1, 1, 6, 1, 0], [1, 2, 2, 1], [2, 5]]]/*/*/*/*/
9/[[1, 0], [6, 1, 1, 1], [2, 6, 2, 6, 0, 6], [2, 4, 3, 3, 1, 6, 1, 1], [5, 3, 3, 3, 4, 5], [5, 0, 4, 6], [5, 3]]/[[[0, 0], [0, 0, 0, 0], [1, 1, 1, 1, 1, 1], [0, 0, 1, 0, 0, 1, 1, 1], [0, 1, 0, 0, 1, 0], [1, 1, 1, 1], [6, 0]], [[0, 0], [0, 0, 0, 0], [0, 0, 0, 0, 0, 0], [0, 0, 0, 0, 0, 0, 0, 0], [0, 0, 0, 0, 0, 0], [0, 0, 0, 0], [1, 1]], [[0, 0], [0, 0, 0, 0], [1, 1, 1, 1, 1, 1], [0, 0, 1, 1, 0, 1, 1, 1], [0, 1, 1, 6, 1, 0], [1, 2, 2, 1], [2, 5]]]/*/*/*/*/
