0/[[0, 0], [0, 0, 0, 0], [0, 0, 0, 0, 0, 0], [0, 0, 0, 0, 0, 0, 0, 0], [0, 0, 0, 0, 0, 0], [0, 0, 0, 0], [0, 0]]/-1/[[0, 0], [0, 0, 0, 0], [0, 0, 0, 0, 0, 0], [0, 0, 0, 0, 0, 0, 0, 0], [0, 0, 0, 0, 0, 0], [0, 0, 0, 0], [0, 0]]/[[0, 0], [0, 0, 0, 0], [0, 0, 0, 0, 0, 0], [0, 0, 0, 0, 0, 0, 0, 0], [0, 0, 0, 0, 0, 0], [0, 0, 0, 0], [0, 0]]/[[0, 0], [0, 0, 0, 0], [0, 0, 0, 0, 0, 0], [0, 0, 0, 0, 0, 0, 0, 0], [0, 0, 0, 0, 0, 0], [0, 0, 0, 0], [0, 0]]/[[0, 0], [0, 0, 0, 0], [0, 0, 0, 0, 0, 0], [0, 0, 0, 0, 0, 0, 0, 0], [0, 0, 0, 0, 0, 0], [0, 0, 0, 0], [0, 0]]/
1/[[0, 0], [0, 0, 0, 0], [0, 0, 0, 0, 0, 0], [0, 0, 0, 0, 0, 0, 0, 0], [0, 0, 0, 0, 0, 0], [0, 0, 0, 0], [1, 1]]/-1/[[0, 0], [0, 0, 0, 0], [0, 0, 0, 0, 0, 0], [0, 0, 0, 0, 0, 0, 0, 0], [0, 0, 0, 0, 0, 0], [0, 0, 0, 0], [0, 0]]/[[0, 0], [0, 0, 0, 0], [0, 0, 0, 0, 0, 0], [0, 0, 0, 0, 0, 0, 0, 0], [0, 0, 0, 0, 0, 0], [0, 0, 0, 0], [0, 0]]/[[0, 0], [0, 0, 0, 0], [0, 0, 0, 0, 0, 0], [0, 0, 0, 0, 0, 0, 0, 0], [0, 0, 0, 0, 0, 0], [0, 0, 0, 0], [0, 0]]/[[0, 0], [0, 0, 0, 0], [0, 0, 0, 0, 0, 0], [0, 0, 0, 0, 0, 0, 0, 0], [0, 0, 0, 0, 0, 0], [0, 0, 0, 0], [1, 1]]/
2/[[0, 0], [0, 0, 0, 0], [1, 1, 1, 1, 1, 1], [0, 0, 1, 0, 0, 1, 1, 0], [0, 1, 0, 0, 1, 1], [1, 1, 1, 1], [10, 1]]/-1/[[0, 0], [0, 0, 0, 0], [1, 1, 1, 1, 1, 1], [0, 0, 1, 0, 0, 1, 1, 0], [0, 1, 0, 0, 1, 1], [1, 1, 1, 1], [10, 1]]/[[0, 0], [0, 0, 0, 0], [0, 0, 0, 0, 0, 0], [0, 0, 0, 0, 0, 0, 0, 0], [0, 0, 0, 0, 0, 0], [0, 0, 0, 0], [1, 1]]/[[0, 0], [0, 0, 0, 0], [1, 1, 1, 1, 1, 1], [0, 0, 1, 1, 0, 1, 1, 0], [0, 1, 1, 10, 1, 1], [1, 2, 2, 2], [2, 0]]/[[0, 0], [1, 0, 0, 0], [0, 1, 10, 1, 10, 1], [1, 10, 1, 2, 2, 3, 3, 2], [8, 3, 9, 9, 8, 3], [3, 5, 10, 5], [8, 1]]/
3/[[0, 0], [0, 0, 0, 0], [1, 1, 1, 1, 1, 1], [0, 0, 1, 1, 0, 1, 1, 0], [0, 1, 1, 10, 1, 1], [1, 2, 2, 2], [2, 0]]/-1/[[0, 0], [0, 0, 0, 0], [1, 1, 1, 1, 1, 1], [0, 0, 1, 0, 0, 1, 1, 1], [0, 1, 0, 0, 1, 0], [1, 1, 1, 1], [10, 0]]/[[0, 0], [0, 0, 0, 0], [0, 0, 0, 0, 0, 0], [0, 0, 0, 0, 0, 0, 0, 0], [0, 0, 0, 0, 0, 0], [0, 0, 0, 0], [1, 1]]/[[0, 0], [0, 0, 0, 0], [1, 1, 1, 1, 1, 1], [0, 0, 1, 1, 0, 1, 1, 0], [0, 1, 1, 10, 1, 1], [1, 2, 2, 2], [2, 0]]/[[1, 0], [10, 1, 1, 1], [2, 10, 2, 10, 0, 10], [2, 4, 3, 3, 1, 10, 1, 2], [5, 3, 3, 7, 4, 8], [9, 7, 4, 7], [8, 0]]/
4/[[0, 0], [0, 0, 0, 0], [1, 1, 1, 1, 1, 1], [0, 0, 1, 0, 0, 1, 1, 1], [0, 1, 0, 0, 1, 0], [1, 1, 1, 1], [10, 0]]/-1/[[0, 0], [0, 0, 0, 0], [1, 1, 1, 1, 1, 1], [0, 0, 1, 0, 0, 1, 1, 0], [0, 1, 0, 0, 1, 1], [1, 1, 1, 1], [10, 1]]/[[0, 0], [0, 0, 0, 0], [0, 0, 0, 0, 0, 0], [0, 0, 0, 0, 0, 0, 0, 0], [0, 0, 0, 0, 0, 0], [0, 0, 0, 0], [1, 1]]/[[0, 0], [0, 0, 0, 0], [1, 1, 1, 1, 1, 1], [0, 0, 1, 1, 0, 1, 1, 1], [0, 1, 1, 10, 1, 0], [1, 2, 2, 1], [2, 9]]/[[0, 0], [1, 0, 0, 0], [0, 1, 10, 1, 10, 1], [1, 10, 1, 2, 2, 3, 3, 3], [8, 3, 9, 9, 8, 0], [3, 5, 10, 3], [8, 7]]/
5/[[0, 0], [0, 0, 0, 0], [1, 1, 1, 1, 1, 1], [0, 0, 1, 1, 0, 1, 1, 1], [0, 1, 1, 10, 1, 0], [1, 2, 2, 1], [2, 9]]/-1/[[0, 0], [0, 0, 0, 0], [1, 1, 1, 1, 1, 1], [0, 0, 1, 0, 0, 1, 1, 1], [0, 1, 0, 0, 1, 0], [1, 1, 1, 1], [10, 0]]/[[0, 0], [0, 0, 0, 0], [0, 0, 0, 0, 0, 0], [0, 0, 0, 0, 0, 0, 0, 0], [0, 0, 0, 0, 0, 0], [0, 0, 0, 0], [1, 1]]/[[0, 0], [0, 0, 0, 0], [1, 1, 1, 1, 1, 1], [0, 0, 1, 1, 0, 1, 1, 1], [0, 1, 1, 10, 1, 0], [1, 2, 2, 1], [2, 9]]/[[1, 0], [10, 1, 1, 1], [2, 10, 2, 10, 0, 10], [2, 4, 3, 3, 1, 10, 1, 1], [5, 3, 3, 7, 4, 9], [9, 7, 4, 3], [8, 4]]/
6/[[0, 0], [1, 0, 0, 0], [0, 1, 10, 1, 10, 1], [1, 10, 1, 2, 2, 3, 3, 2], [8, 3, 9, 9, 8, 3], [3, 5, 10, 5], [8, 1]]/[[[0, 0], [0, 0, 0, 0], [1, 1, 1, 1, 1, 1], [0, 0, 1, 0, 0, 1, 1, 0], [0, 1, 0, 0, 1, 1], [1, 1, 1, 1], [10, 1]], [[0, 0], [0, 0, 0, 0], [0, 0, 0, 0, 0, 0], [0, 0, 0, 0, 0, 0, 0, 0], [0, 0, 0, 0, 0, 0], [0, 0, 0, 0], [1, 1]], [[0, 0], [0, 0, 0, 0], [1, 1, 1, 1, 1, 1], [0, 0, 1, 1, 0, 1, 1, 0], [0, 1, 1, 10, 1, 1], [1, 2, 2, 2], [2, 0]]]/*/*/*/*/
7/[[1, 0], [10, 1, 1, 1], [2, 10, 2, 10, 0, 10], [2, 4, 3, 3, 1, 10, 1, 2], [5, 3, 3, 7, 4, 8], [9, 7, 4, 7], [8, 0]]/[[[0, 0], [0, 0, 0, 0], [1, 1, 1, 1, 1, 1], [0, 0, 1, 0, 0, 1, 1, 1], [0, 1, 0, 0, 1, 0], [1, 1, 1, 1], [10, 0]], [[0, 0], [0, 0, 0, 0], [0, 0, 0, 0, 0, 0], [0, 0, 0, 0, 0, 0, 0, 0], [0, 0, 0, 0, 0, 0], [0, 0, 0, 0], [1, 1]], [[0, 0], [0, 0, 0, 0], [1, 1, 1, 1, 1, 1], [0, 0, 1, 1, 0, 1, 1, 0], [0, 1, 1, 10, 1, 1], [1, 2, 2, 2], [2, 0]]]/*/*/*/*/
8/[[0, 0], [1, 0, 0, 0], [0, 1, 10, 1, 10, 1], [1, 10, 1, 2, 2, 3, 3, 3], [8, 3, 9, 9, 8, 0], [3, 5, 10, 3], [8, 7]]/[[[0, 0], [0, 0, 0, 0], [1, 1, 1, 1, 1, 1], [0, 0, 1, 0, 0, 1, 1, 0], [0, 1, 0, 0, 1, 1], [1, 1, 1, 1], [10, 1]], [[0, 0], [0, 0, 0, 0], [0, 0, 0, 0, 0, 0], [0, 0, 0, 0, 0, 0, 0, 0], [0, 0, 0, 0, 0, 0], [0, 0, 0, 0], [1, 1]], [[0, 0], [0, 0, 0, 0], [1, 1, 1, 1, 1, 1], [0, 0, 1, 1, 0, 1, 1, 1], [0, 1, 1, 10, 1, 0], [1, 2, 2, 1], [2, 9]]]/*/*/*/*/
9/[[1, 0], [10, 1, 1, 1], [2, 10, 2, 10, 0, 10], [2, 4, 3, 3, 1, 10, 1, 1], [5, 3, 3, 7, 4, 9], [9, 7, 4, 3], [8, 4]]/[[[0, 0], [0, 0, 0, 0], [1, 1, 1, 1, 1, 1], [0, 0, 1, 0, 0, 1, 1, 1], [0, 1, 0, 0, 1, 0], [1, 1, 1, 1], [10, 0]], [[0, 0], [0, 0, 0, 0], [0, 0, 0, 0, 0, 0], [0, 0, 0, 0, 0, 0, 0, 0], [0, 0, 0, 0, 0, 0], [0, 0, 0, 0], [1, 1]], [[0, 0], [0, 0, 0, 0], [1, 1, 1, 1, 1, 1], [0, 0, 1, 1, 0, 1, 1, 1], [0, 1, 1, 10, 1, 0], [1, 2, 2, 1], [2, 9]]]/*/*/*/*/
